Date	RMRF	SMB		HML		RF
192607    2.65   -2.16   -2.92    0.22
192608    2.58   -1.49    4.88    0.25
192609    0.37   -1.38   -0.01    0.23
192610   -3.46    0.04    0.71    0.32
192611    2.43   -0.24   -0.31    0.31
192612    2.75   -0.01   -0.10    0.28
192701   -0.16   -0.30    4.79    0.25
192702    4.22   -0.24    3.35    0.26
192703    0.38   -1.87   -2.58    0.30
192704    0.41    0.29    0.95    0.25
192705    5.36    1.53    5.07    0.30
192706   -2.27    0.65   -2.04    0.26
192707    7.30   -3.54   -0.86    0.30
192708    2.43   -0.75   -4.14    0.28
192709    4.68   -3.44   -1.08    0.21
192710   -4.41    2.04   -4.45    0.25
192711    6.60    2.56   -0.02    0.21
192712    2.08    1.06   -0.73    0.22
192801   -0.68    4.40   -1.32    0.25
192802   -1.70   -1.96   -0.63    0.33
192803    8.86   -0.24   -1.41    0.29
192804    4.16    4.08    3.42    0.22
192805    1.56    3.06   -3.70    0.32
192806   -4.87   -3.59    0.07    0.31
192807    0.67   -1.63   -0.07    0.32
192808    6.63   -2.14   -2.12    0.32
192809    2.87    1.77    1.35    0.27
192810    1.26    2.71   -2.63    0.41
192811   11.77   -2.20    3.30    0.38
192812    0.32   -1.09   -0.02    0.06
192901    4.46   -2.80   -1.75    0.34
192902   -0.31    0.87    0.94    0.36
192903   -0.90   -4.36    1.00    0.34
192904    1.38   -0.82    0.46    0.36
192905   -6.30   -7.09    0.71    0.44
192906    9.48   -1.74   -2.48    0.52
192907    4.40   -4.38    1.99    0.33
192908    8.22   -8.79   -0.49    0.40
192909   -5.42    1.42   -1.12    0.35
192910  -20.03   -3.77    8.95    0.46
192911  -12.68   -2.20    4.70    0.37
192912    1.47   -4.63    0.25    0.37
193001    5.44    4.46   -2.29    0.14
193002    2.44    0.70   -0.55    0.30
193003    7.14    3.71    0.37    0.35
193004   -2.11   -0.67   -1.96    0.21
193005   -1.59   -1.78   -1.57    0.26
193006  -16.06   -3.33    2.11    0.27
193007    3.87    0.56   -2.54    0.20
193008    0.35   -2.13   -0.88    0.09
193009  -12.67   -2.17   -4.45    0.22
193010   -8.84   -1.02   -0.61    0.09
193011   -2.83    2.23   -2.90    0.13
193012   -7.90   -4.97   -5.01    0.14
193101    6.09    3.79    7.56    0.15
193102   10.87    2.71    2.22    0.04
193103   -6.55    2.80   -3.08    0.13
193104   -9.82   -4.87   -3.39    0.08
193105  -13.17    5.85   -6.31    0.09
193106   13.69   -5.66   10.58    0.08
193107   -6.49    1.82   -3.76    0.06
193108    0.34   -1.14   -2.47    0.03
193109  -28.98    0.09   -6.65    0.03
193110    7.80   -1.47    0.45    0.10
193111   -9.11    5.19   -6.05    0.17
193112  -13.36   -0.52   -8.96    0.12
193201   -1.60    3.77   10.69    0.23
193202    5.28   -1.33   -5.12    0.23
193203  -11.02    1.73   -1.00    0.16
193204  -17.93    1.73   -0.91    0.11
193205  -20.65    4.48   -4.03    0.06
193206   -0.79   -0.49    5.49    0.02
193207   33.51   -5.95   35.48    0.03
193208   36.52   19.24   27.74    0.03
193209   -3.16   -2.45   -6.41    0.03
193210  -13.03   -2.63   -9.98    0.02
193211   -5.62    1.40  -12.26    0.02
193212    4.45   -9.72   -6.92    0.01
193301    1.24   -1.02    8.25    0.01
193302  -14.95   -3.26   -2.90   -0.03
193303    3.38    4.90    6.98    0.04
193304   37.77    5.69   18.34    0.10
193305   21.30   39.04   15.19    0.04
193306   13.21    8.46   -2.72    0.02
193307   -9.60   -0.41    0.59    0.02
193308   12.03   -5.78    3.78    0.03
193309  -10.54    0.25  -13.45    0.02
193310   -8.31    0.40   -8.55    0.01
193311    9.97   -6.85    2.10    0.02
193312    2.05    0.67   -1.41    0.02
193401   12.90   11.17   16.42    0.05
193402   -2.39    5.09    2.51    0.02
193403    0.13    2.64   -3.63    0.02
193404   -1.75    3.36   -5.02    0.01
193405   -7.12    0.18   -7.12    0.01
193406    2.62   -2.38   -2.20    0.01
193407  -10.85   -6.42  -12.06    0.01
193408    5.85    4.59    1.86    0.01
193409   -0.30   -1.51   -0.32    0.01
193410   -1.71    1.26   -4.63    0.01
193411    8.53    7.56   -4.26    0.01
193412    0.39    2.94   -3.29    0.01
193501   -3.39    1.09   -2.22    0.01
193502   -1.86    0.50   -7.16    0.02
193503   -3.78   -3.77   -4.82    0.01
193504    8.93   -2.09    5.09    0.01
193505    3.49   -3.91    1.89    0.01
193506    5.67   -5.54    4.27    0.01
193507    7.46    2.97    4.99    0.01
193508    2.59    7.52    5.14    0.01
193509    2.62    0.59   -4.83    0.01
193510    7.23    2.30   -0.43    0.01
193511    4.79    5.66   10.53    0.02
193512    4.47    0.96    0.27    0.01
193601    6.53    6.43   10.09    0.01
193602    2.53    0.77    3.98    0.01
193603    1.11    1.10   -2.23    0.02
193604   -8.04   -6.81   -2.18    0.02
193605    5.01    0.81    2.69    0.02
193606    2.53   -3.20   -0.97    0.03
193607    6.54    1.12    1.35    0.01
193608    0.97   -0.09    3.84    0.02
193609    1.23    3.12   -0.32    0.01
193610    7.03   -2.19    1.61    0.02
193611    3.31    8.34   -1.01    0.01
193612    0.13    3.67    4.96    0.00
193701    3.28    4.21    3.22    0.01
193702    1.08    0.63    5.94    0.02
193703   -0.36   -2.15    7.05    0.01
193704   -7.23   -3.40   -4.91    0.03
193705   -0.98   -0.74   -3.17    0.06
193706   -4.20   -3.05   -3.56    0.03
193707    8.83    1.17    0.15    0.03
193708   -4.88    0.51   -1.99    0.02
193709  -13.49   -6.76   -4.54    0.04
193710   -9.50    0.51   -1.53    0.02
193711   -8.37   -3.24    0.22    0.02
193712   -4.17   -7.80   -0.85    0.00
193801    0.58    5.19   -2.22    0.00
193802    5.82    0.60   -1.96    0.00
193803  -23.68   -3.56   -4.41   -0.01
193804   14.47    6.58   -0.35    0.01
193805   -3.85   -2.38   -0.42    0.00
193806   23.69    3.53    2.11    0.00
193807    7.33    6.72    0.78   -0.01
193808   -2.67   -2.46   -4.26    0.00
193809    0.77   -2.53   -1.26    0.02
193810    7.69    6.62    3.98    0.01
193811   -1.74   -2.42   -0.76   -0.06
193812    4.10   -1.85    0.77    0.00
193901   -5.87   -1.43   -3.52   -0.01
193902    3.47    0.31    3.23    0.01
193903  -11.83   -5.41   -8.31   -0.01
193904   -0.23    1.97    0.29    0.00
193905    6.77    3.87   -0.08    0.01
193906   -5.23   -1.68   -5.54    0.01
193907   10.19    4.62    0.55    0.00
193908   -6.55   -4.50   -2.99   -0.01
193909   16.65   18.77   23.27    0.01
193910   -0.49    0.26   -4.66    0.00
193911   -3.58   -4.43   -6.54    0.00
193912    3.10    0.67   -3.84    0.00
194001   -2.39    0.21   -0.75    0.00
194002    1.33    2.32   -0.44    0.00
194003    2.07    1.63   -1.12    0.00
194004    0.25    3.57   -0.28    0.00
194005  -21.86   -6.21   -4.04   -0.02
194006    6.66   -2.34    4.80    0.00
194007    3.19    0.87   -0.57    0.01
194008    2.16    0.19    0.47   -0.01
194009    2.39    3.39   -1.70    0.00
194010    2.97   -0.17    5.43    0.00
194011   -1.57    2.06    0.49    0.00
194012    0.72   -2.41   -1.31    0.00
194101   -4.09    0.85    3.22   -0.01
194102   -1.53   -1.21    1.05   -0.01
194103    0.85    0.12    2.95    0.01
194104   -5.36   -1.69    3.43   -0.01
194105    1.46   -0.83    0.52    0.00
194106    5.86    1.47    0.66    0.00
194107    5.86    5.74    7.25    0.03
194108   -0.11   -0.16   -1.20    0.01
194109   -0.86   -1.43    0.28    0.01
194110   -5.13   -2.10    1.31    0.00
194111   -1.83   -1.05   -0.64    0.00
194112   -4.88   -3.33   -5.04    0.01
194201    0.60    7.51    9.93    0.02
194202   -2.51    1.69   -1.06    0.01
194203   -6.64    2.29   -1.22    0.01
194204   -4.33   -1.03    1.87    0.01
194205    6.02   -3.03   -2.97    0.03
194206    2.67   -0.90    0.25    0.02
194207    3.46   -0.33    2.56    0.03
194208    1.82   -0.39    1.94    0.03
194209    2.53    0.14    3.40    0.03
194210    6.67    1.39    6.68    0.03
194211    0.28   -0.77   -5.35    0.03
194212    5.02   -2.09    0.78    0.03
194301    7.11    8.34    7.66    0.03
194302    6.09    4.47    6.41    0.03
194303    6.04    4.66    5.52    0.03
194304    0.77    1.92    6.36    0.03
194305    5.73    4.20    3.13    0.03
194306    1.77   -0.63   -0.95    0.03
194307   -4.61   -2.68   -2.47    0.03
194308    1.26   -0.80   -0.88    0.03
194309    2.44    1.31    1.35    0.03
194310   -1.22    0.90    1.33    0.03
194311   -5.77   -1.58   -4.87    0.03
194312    6.30    3.29    3.13    0.03
194401    1.74    2.51    2.75    0.03
194402    0.40   -0.28    0.74    0.03
194403    2.43    1.86    3.05    0.02
194404   -1.68   -1.41   -0.97    0.03
194405    5.07    1.49    1.31    0.03
194406    5.42    4.12    2.54    0.03
194407   -1.49    0.73   -0.62    0.03
194408    1.60    2.11   -1.30    0.03
194409   -0.01    0.58   -0.97    0.02
194410    0.19   -0.24   -0.24    0.03
194411    1.69    0.46    1.74    0.03
194412    4.05    1.61    6.63    0.02
194501    1.91    2.85    0.62    0.03
194502    6.20    1.54    4.33    0.02
194503   -3.84   -1.80   -1.58    0.02
194504    7.72    0.22    3.98    0.03
194505    1.77    1.31    1.16    0.03
194506    0.26    2.95    4.42    0.02
194507   -2.17   -1.68   -2.52    0.03
194508    6.13    1.49   -4.32    0.03
194509    4.74    1.94    0.26    0.03
194510    3.92    2.46    1.68    0.03
194511    5.35    3.82    4.43    0.02
194512    1.07    2.66   -2.09    0.03
194601    6.23    4.02    1.89    0.03
194602   -5.78   -0.77   -1.37    0.03
194603    5.95    0.30   -0.80    0.03
194604    4.29    2.21   -0.22    0.03
194605    3.90    1.47    1.74    0.03
194606   -3.93   -1.53    0.01    0.03
194607   -2.61   -2.11    0.03    0.03
194608   -6.38   -1.83    0.17    0.03
194609   -9.98   -4.20   -2.28    0.03
194610   -1.44   -0.26    3.50    0.03
194611    0.04   -0.46    1.24    0.03
194612    5.04    0.05   -1.15    0.03
194701    1.46    1.69   -0.66    0.03
194702   -1.13    0.68   -0.25    0.03
194703   -1.70   -1.68    0.47    0.03
194704   -4.82   -4.09    0.75    0.03
194705   -1.02   -3.30    0.15    0.03
194706    5.33   -0.30   -0.37    0.03
194707    4.12    1.51    2.92    0.03
194708   -1.76    0.39    0.13    0.03
194709   -0.51    1.56    1.47    0.06
194710    2.46    0.57    0.08    0.06
194711   -1.92   -1.77    0.99    0.06
194712    2.94   -2.38    3.91    0.08
194801   -3.86    2.40    1.15    0.07
194802   -4.38   -1.73    0.01    0.07
194803    8.08    0.15    4.54    0.09
194804    3.61   -1.66    4.07    0.08
194805    7.33    0.99   -1.16    0.08
194806   -0.09   -1.77    2.64    0.09
194807   -5.10   -0.34    0.11    0.08
194808    0.25   -1.10    0.24    0.09
194809   -2.95   -1.28   -1.80    0.04
194810    5.94   -1.50    0.63    0.04
194811   -9.16   -0.62   -4.50    0.04
194812    3.23   -2.78   -1.80    0.04
194901    0.22    1.64    1.35    0.10
194902   -2.99   -1.81   -0.82    0.09
194903    4.03    2.32    1.52    0.10
194904   -1.85   -0.97   -1.06    0.09
194905   -2.83   -0.84   -2.55    0.10
194906    0.19   -0.91   -1.78    0.10
194907    5.48    0.60    0.43    0.09
194908    2.56    0.20   -0.41    0.09
194909    3.06    1.00    0.18    0.09
194910    3.08    1.05   -0.41    0.09
194911    1.85   -0.96   -0.88    0.08
194912    5.11    2.09    1.66    0.09
195001    1.65    3.36    0.19    0.09
195002    1.41    0.11   -0.72    0.09
195003    1.20   -1.37   -2.75    0.10
195004    3.90    1.90    1.38    0.09
195005    4.26   -2.06    0.44    0.10
195006   -5.93   -2.38   -0.75    0.10
195007    1.36    0.55   13.47    0.10
195008    4.83    0.80   -1.45    0.10
195009    4.78    0.52   -0.93    0.10
195010   -0.18   -0.52    1.42    0.12
195011    2.70   -0.85    3.26    0.11
195012    5.52    1.50    7.22    0.11
195101    5.64    1.76    3.79    0.13
195102    1.45    0.14   -2.92    0.10
195103   -2.14   -0.67   -4.17    0.11
195104    4.81   -1.46    3.29    0.13
195105   -2.35    0.05   -1.38    0.12
195106   -2.61   -1.97   -3.99    0.12
195107    6.90   -1.87    1.95    0.13
195108    4.28    0.84    0.21    0.13
195109    0.71    2.00    0.72    0.12
195110   -2.53   -0.41    0.11    0.16
195111    0.55   -0.31    0.38    0.11
195112    3.30   -2.05   -1.91    0.12
195201    1.44   -0.74    1.87    0.15
195202   -2.62    0.67   -0.26    0.12
195203    4.40   -2.98    2.26    0.11
195204   -4.95    0.39    0.26    0.12
195205    3.20   -1.05    0.15    0.13
195206    3.80   -1.60    1.19    0.15
195207    0.92   -0.32   -0.36    0.15
195208   -0.75    1.16   -0.12    0.15
195209   -2.01    1.22   -1.65    0.16
195210   -0.68   -1.10   -0.32    0.14
195211    5.89   -0.63    1.07    0.10
195212    2.94   -1.41    0.18    0.16
195301   -0.31    3.50    1.24    0.16
195302   -0.26    2.20   -0.09    0.14
195303   -1.48   -0.02   -1.00    0.18
195304   -2.80    0.31    1.49    0.16
195305    0.55   -0.08    0.14    0.17
195306   -1.92   -1.75   -0.48    0.18
195307    2.42   -1.00   -0.37    0.15
195308   -4.52    0.42   -3.62    0.17
195309    0.21   -0.77   -2.59    0.16
195310    4.55   -1.37    0.08    0.13
195311    2.80   -1.22   -0.35    0.08
195312    0.03   -0.75   -2.96    0.13
195401    5.11    0.47    3.48    0.11
195402    1.66   -0.19   -0.24    0.07
195403    3.64   -0.50   -1.53    0.08
195404    4.24   -3.45   -0.50    0.09
195405    3.08    0.38    2.54    0.05
195406    1.06    0.40    0.01    0.06
195407    4.96    1.00    4.25    0.05
195408   -2.32    2.68   -1.48    0.05
195409    6.35   -2.55    0.73    0.09
195410   -1.67    0.57    0.72    0.07
195411    9.37   -2.55    4.05    0.06
195412    5.46    2.19    5.69    0.08
195501    0.62    0.21    2.25    0.08
195502    3.00    1.55    0.60    0.09
195503   -0.17   -0.66    1.97    0.10
195504    3.11   -1.84    0.84    0.10
195505    0.91   -0.22   -0.92    0.14
195506    6.52   -4.71    2.03    0.10
195507    1.90   -1.32    0.62    0.10
195508    0.22   -0.39    0.58    0.16
195509   -0.37    0.31   -1.06    0.16
195510   -2.67    1.49    0.02    0.18
195511    7.00   -2.43    0.48    0.17
195512    1.48    2.11   -2.30    0.18
195601   -3.02    0.40    1.14    0.22
195602    3.76   -1.02   -0.51    0.19
195603    6.61   -2.27   -0.40    0.15
195604    0.28    0.04   -0.10    0.19
195605   -5.19    1.44   -1.25    0.23
195606    3.47   -1.42   -1.31    0.20
195607    4.83   -1.77    0.12    0.22
195608   -3.23    2.29   -1.19    0.17
195609   -5.14    1.63    1.75    0.18
195610    0.51   -0.11   -0.02    0.25
195611    0.36   -0.07    1.66    0.20
195612    3.16   -0.09   -2.05    0.24
195701   -3.57    3.65    2.44    0.27
195702   -2.07   -0.77   -0.64    0.24
195703    2.13    0.22   -0.38    0.23
195704    4.25   -1.77   -1.26    0.25
195705    3.44   -1.08   -2.06    0.26
195706   -0.75    0.60   -0.09    0.24
195707    0.65   -0.52   -0.01    0.30
195708   -5.11   -0.01   -0.32    0.25
195709   -5.99    0.06    0.91    0.26
195710   -4.30   -2.56   -1.80    0.29
195711    2.28    0.33   -2.78    0.28
195712   -3.92   -0.92   -1.68    0.24
195801    4.69    4.34    4.21    0.28
195802   -1.51    0.72    0.24    0.12
195803    3.29    0.80   -1.22    0.09
195804    3.08   -0.67    1.64    0.08
195805    2.31    2.14   -0.19    0.11
195806    2.93   -0.25    0.50    0.03
195807    4.39    0.47    3.09    0.07
195808    1.90    1.18    0.34    0.04
195809    4.66    0.12    2.99    0.19
195810    2.56    1.18   -1.30    0.18
195811    3.00    2.03   -1.27    0.11
195812    5.13   -2.08   -0.01    0.22
195901    0.72    3.01    2.97    0.21
195902    0.95    1.52    1.06    0.19
195903    0.26    1.46   -0.28    0.22
195904    3.66   -0.57   -1.28    0.20
195905    1.72   -2.19    1.91    0.22
195906   -0.26    0.68    1.36    0.25
195907    3.15   -0.34    0.30    0.25
195908   -1.39   -0.79    0.41    0.19
195909   -4.80   -0.10    0.49    0.31
195910    1.27    1.42   -2.02    0.30
195911    1.58    1.27   -3.23    0.26
195912    2.45   -0.58   -0.05    0.34
196001   -6.99    2.04    2.70    0.33
196002    1.14    0.56   -1.95    0.29
196003   -1.64   -0.46   -2.85    0.35
196004   -1.71    0.39   -2.32    0.19
196005    3.11    1.27   -3.71    0.27
196006    2.10   -0.18   -0.32    0.24
196007   -2.37   -0.53    2.09    0.13
196008    3.01    0.82   -0.18    0.17
196009   -5.99   -1.17    1.53    0.16
196010   -0.72   -3.97    2.62    0.22
196011    4.68    0.37   -2.35    0.13
196012    4.70   -1.54   -0.74    0.16
196101    6.19    0.77    3.81    0.19
196102    3.57    3.99   -0.78    0.14
196103    2.89    3.22   -0.71    0.20
196104    0.30    0.08    1.99    0.17
196105    2.39    1.96    0.59    0.18
196106   -3.08   -2.47   -0.27    0.20
196107    2.83   -1.89   -0.11    0.18
196108    2.58   -1.83   -0.22    0.14
196109   -2.15   -1.12   -0.51    0.17
196110    2.58   -2.01    0.54    0.19
196111    4.45    1.08   -0.87    0.15
196112   -0.18   -1.14    2.16    0.19
196201   -3.88    1.88    5.04    0.24
196202    1.81   -1.18    0.89    0.20
196203   -0.68    0.23   -0.96    0.20
196204   -6.59   -0.98    0.43    0.22
196205   -8.65   -2.99    2.37    0.24
196206   -8.48   -0.76    2.81    0.20
196207    6.28    1.55   -3.60    0.27
196208    2.13    1.28   -1.22    0.23
196209   -5.22   -2.51    1.38    0.21
196210   -0.06   -4.00    1.37    0.26
196211   10.87    2.65    0.94    0.20
196212    1.02   -3.76    0.34    0.23
196301    4.93    3.09    2.27    0.25
196302   -2.38    0.41    2.26    0.23
196303    3.08   -2.52    2.00    0.23
196304    4.51   -1.33    1.02    0.25
196305    1.76    1.14    2.51    0.24
196306   -2.00   -0.25    0.78    0.23
196307   -0.39   -0.55   -0.82    0.27
196308    5.07   -0.97    1.63    0.25
196309   -1.56   -0.32    0.19    0.27
196310    2.54   -0.53   -0.11    0.29
196311   -0.85   -1.11    1.66    0.27
196312    1.83   -1.96   -0.11    0.29
196401    2.24   -0.18    1.64    0.30
196402    1.55    0.09    2.83    0.26
196403    1.41    0.99    3.36    0.31
196404    0.11   -1.41   -0.42    0.29
196405    1.41   -0.88    1.88    0.26
196406    1.27   -0.30    0.72    0.30
196407    1.74    0.23    0.70    0.30
196408   -1.44    0.09    0.12    0.28
196409    2.69   -0.52    1.65    0.28
196410    0.59    0.45    1.14    0.29
196411    0.00    0.61   -1.96    0.29
196412    0.03   -0.24   -2.58    0.31
196501    3.55    2.67    0.20    0.28
196502    0.44    3.48    0.19    0.30
196503   -1.34    1.77    1.07    0.36
196504    3.11    1.19    0.70    0.31
196505   -0.77    0.04   -1.62    0.31
196506   -5.50   -4.35    0.58    0.35
196507    1.43    0.86    2.22    0.31
196508    2.73    2.84   -1.07    0.33
196509    2.86    0.62   -0.11    0.31
196510    2.60    2.43    1.60    0.31
196511   -0.03    4.67    0.23    0.35
196512    1.01    2.07    2.08    0.33
196601    0.71    3.84    3.57    0.38
196602   -1.22    4.45    0.36    0.35
196603   -2.51    0.96   -2.05    0.38
196604    2.14    3.42   -0.45    0.34
196605   -5.66   -4.64   -1.65    0.41
196606   -1.45    1.06    0.49    0.38
196607   -1.62   -0.32    0.82    0.35
196608   -7.91   -3.31    0.56    0.41
196609   -1.06   -1.10    0.50    0.40
196610    3.86   -6.59    2.81    0.45
196611    1.39    4.33   -4.60    0.40
196612    0.13    1.86   -1.29    0.40
196701    8.15    8.43    2.03    0.43
196702    0.77    3.37   -2.26    0.36
196703    3.99    1.74    0.19    0.39
196704    3.89    0.58   -2.54    0.32
196705   -4.32    1.99    0.89    0.33
196706    2.41    5.99    0.95    0.27
196707    4.58    3.09    2.66    0.32
196708   -0.89    0.48    1.48    0.31
196709    3.11    3.08   -2.46    0.32
196710   -3.09    1.44   -3.37    0.39
196711    0.36    0.20   -1.70    0.36
196712    3.06    5.73   -0.41    0.33
196801   -4.05    3.90    4.79    0.40
196802   -3.75   -2.94    1.16    0.39
196803    0.20   -1.28   -0.53    0.38
196804    9.04    5.73   -1.02    0.43
196805    2.27    6.42    0.82    0.45
196806    0.69   -0.16    0.71    0.43
196807   -2.72   -1.32    5.48    0.48
196808    1.34    2.35    1.01    0.42
196809    4.02    2.79    0.26    0.43
196810    0.42   -0.48    2.91    0.44
196811    5.44    2.37   -0.90    0.42
196812   -3.94    3.44    0.02    0.43
196901   -1.25   -0.79    1.69    0.53
196902   -5.83   -3.88    0.92    0.46
196903    2.64   -0.26   -0.45    0.46
196904    1.46   -0.86    0.06    0.53
196905   -0.10   -0.27    0.73    0.48
196906   -7.17   -5.39   -1.10    0.51
196907   -7.00   -3.22    1.42    0.53
196908    4.69    0.93   -3.86    0.50
196909   -2.98    1.22   -3.21    0.62
196910    5.05    3.78   -3.22    0.60
196911   -3.79   -2.52   -1.13    0.52
196912   -2.63   -3.67   -3.08    0.64
197001   -8.09    2.92    3.07    0.60
197002    5.13   -2.39    4.01    0.62
197003   -1.06   -2.33    4.24    0.57
197004  -10.99   -6.09    6.40    0.50
197005   -6.92   -4.50    3.64    0.53
197006   -5.79   -2.12    0.78    0.58
197007    6.93   -0.56    1.05    0.52
197008    4.49    1.52    1.08    0.53
197009    4.18    8.62   -5.50    0.54
197010   -2.28   -4.22    0.21    0.46
197011    4.59   -4.07    1.69    0.46
197012    5.73    2.93    0.98    0.42
197101    4.84    7.43    1.35    0.38
197102    1.41    1.89   -1.34    0.33
197103    4.12    2.58   -3.99    0.30
197104    3.15   -0.49    0.74    0.28
197105   -3.98   -1.11   -1.37    0.29
197106   -0.10   -1.43   -2.00    0.37
197107   -4.50   -1.50    0.16    0.40
197108    3.78   -0.21    2.70    0.47
197109   -0.86    0.42   -2.94    0.37
197110   -4.42   -1.79   -0.49    0.37
197111   -0.46   -2.83   -1.74    0.37
197112    8.71    3.30   -0.30    0.37
197201    2.48    6.10    2.05    0.29
197202    2.87    1.38   -2.77    0.25
197203    0.63   -0.26   -1.67    0.27
197204    0.29    0.01    0.24    0.29
197205    1.25   -2.77   -2.69    0.30
197206   -2.43    0.32   -2.49    0.29
197207   -0.80   -2.87    0.77    0.31
197208    3.26   -4.07    4.68    0.29
197209   -1.14   -2.68    0.49    0.34
197210    0.52   -2.70    1.32    0.40
197211    4.60   -1.12    4.78    0.37
197212    0.62   -1.85   -2.29    0.37
197301   -3.29   -3.50    2.68    0.44
197302   -4.84   -3.98    1.68    0.41
197303   -1.30   -2.87    2.84    0.46
197304   -5.68   -3.98    5.66    0.52
197305   -2.94   -6.10    0.19    0.51
197306   -1.56   -2.94    1.43    0.51
197307    5.04    7.86   -5.18    0.64
197308   -3.84   -2.05    1.19    0.70
197309    4.75    2.92    2.12    0.68
197310   -0.86   -0.16    1.73    0.65
197311  -12.75   -7.70    4.01    0.56
197312    0.58   -5.33    4.25    0.64
197401   -0.17    9.87    5.85    0.63
197402   -0.47    0.00    2.55    0.58
197403   -2.81    2.48   -0.09    0.56
197404   -5.29   -0.72    1.01    0.75
197405   -4.67   -3.05   -2.09    0.75
197406   -2.83   -0.17    0.80    0.60
197407   -8.05    0.88    5.21    0.70
197408   -9.35   -0.70    2.56    0.60
197409  -11.78    0.27    5.51    0.81
197410   16.10   -3.52   -9.76    0.51
197411   -4.51   -1.20   -0.08    0.54
197412   -3.45   -4.83    0.05    0.70
197501   13.67   11.01    8.25    0.58
197502    5.56    0.17   -4.54    0.43
197503    2.66    3.79    2.44    0.41
197504    4.23   -0.52   -1.21    0.44
197505    5.18    3.85   -4.05    0.44
197506    4.82    0.75    1.27    0.41
197507   -6.58    2.68    1.65    0.48
197508   -2.85   -3.19   -0.89    0.48
197509   -4.26   -0.10    0.33    0.53
197510    5.31   -4.00    0.29    0.56
197511    2.65   -1.21    2.00    0.41
197512   -1.60   -0.77    1.78    0.48
197601   12.16    4.81    8.60    0.47
197602    0.32    7.01    5.84    0.34
197603    2.33   -1.14   -0.03    0.40
197604   -1.49   -0.07   -0.02    0.42
197605   -1.35   -1.26   -1.31    0.37
197606    4.05   -1.38    0.72    0.43
197607   -1.07    0.30    1.74    0.47
197608   -0.56   -1.99    0.77    0.42
197609    2.06    0.02   -0.32    0.44
197610   -2.43    0.26   -0.14    0.41
197611    0.35    2.36    1.51    0.40
197612    5.65    2.99    2.25    0.40
197701   -4.05    4.79    4.25    0.36
197702   -1.94    1.10    0.48    0.35
197703   -1.37    1.01    1.04    0.38
197704    0.14   -0.10    3.44    0.38
197705   -1.45    1.21    0.83    0.37
197706    4.71    2.13   -0.65    0.40
197707   -1.69    2.14   -0.61    0.42
197708   -1.75    1.51   -2.80    0.44
197709   -0.27    1.44   -0.51    0.43
197710   -4.38    1.26    1.71    0.49
197711    4.00    3.69    0.35    0.50
197712    0.26    1.34   -0.34    0.49
197801   -6.01    2.23    3.29    0.49
197802   -1.38    3.57    0.79    0.46
197803    2.85    3.45    1.25    0.53
197804    7.87    0.39   -3.46    0.54
197805    1.76    4.59   -0.60    0.51
197806   -1.69    1.69    0.58    0.54
197807    5.11    0.29   -1.10    0.56
197808    3.75    5.09   -0.47    0.55
197809   -1.43   -0.42    1.88    0.62
197810  -11.91   -9.90    1.37    0.68
197811    2.71    3.03   -2.21    0.70
197812    0.88    1.24   -2.19    0.78
197901    4.23    3.69    2.24    0.77
197902   -3.56    0.46    1.18    0.73
197903    5.68    3.19   -0.66    0.81
197904   -0.07    2.16    1.07    0.80
197905   -2.21    0.48    1.82    0.82
197906    3.85    1.15    1.43    0.81
197907    0.82    1.27    1.74    0.77
197908    5.52    2.07   -1.53    0.77
197909   -0.82   -0.27   -0.90    0.83
197910   -8.10   -3.33   -1.86    0.87
197911    5.21    2.73   -3.28    0.99
197912    1.79    4.17   -2.00    0.95
198001    5.51    1.64    1.81    0.80
198002   -1.22   -1.81    0.61    0.89
198003  -12.90   -6.64   -1.05    1.21
198004    3.96    0.97    1.06    1.26
198005    5.26    2.15    0.37    0.81
198006    3.06    1.67   -0.90    0.61
198007    6.49    4.25   -6.30    0.53
198008    1.80    3.89   -2.66    0.64
198009    2.20    0.86   -4.72    0.75
198010    1.06    2.49   -2.80    0.95
198011    9.59   -3.47   -8.44    0.96
198012   -4.53   -0.26    2.72    1.31
198101   -5.04    3.01    6.83    1.04
198102    0.56   -0.30    1.07    1.07
198103    3.55    3.56    0.73    1.21
198104   -2.11    4.43    2.32    1.08
198105    0.11    2.04   -0.44    1.15
198106   -2.36   -0.85    5.11    1.35
198107   -1.54   -2.18   -0.57    1.24
198108   -7.03   -1.95    4.83    1.28
198109   -7.17   -2.67    5.17    1.24
198110    4.92    2.17   -4.22    1.21
198111    3.35   -0.94    1.86    1.07
198112   -3.65    1.20    0.73    0.87
198201   -3.24   -1.25    3.07    0.80
198202   -5.85    0.44    6.04    0.92
198203   -1.87   -0.16    3.79    0.98
198204    3.27    1.51   -2.81    1.13
198205   -3.99    0.46    1.83    1.06
198206   -3.09   -0.38    1.53    0.96
198207   -3.19    0.88    0.20    1.05
198208   11.14   -4.12    1.18    0.76
198209    1.29    2.89    0.32    0.51
198210   11.30    2.37   -3.70    0.59
198211    4.68    4.80   -1.94    0.63
198212    0.55   -0.19    0.02    0.67
198301    3.59    2.70   -0.87    0.69
198302    2.59    3.24    0.68    0.62
198303    2.82    1.78    2.07    0.63
198304    6.67    0.52    0.58    0.71
198305    0.52    6.15   -1.40    0.69
198306    3.07    0.90   -3.87    0.67
198307   -4.07    1.48    5.57    0.74
198308   -0.50   -4.28    5.55    0.76
198309    0.92    0.59    1.09    0.76
198310   -3.44   -3.60    4.99    0.76
198311    2.16    2.06   -0.65    0.70
198312   -1.78   -0.28    1.69    0.73
198401   -1.93   -0.41    7.61    0.76
198402   -4.82   -1.69    3.31    0.71
198403    0.63    0.07    0.50    0.73
198404   -0.51   -1.18    1.24    0.81
198405   -5.97    0.05    0.23    0.78
198406    1.82   -0.25   -2.63    0.75
198407   -2.74   -2.22    0.41    0.82
198408   10.28   -0.25   -1.88    0.83
198409   -0.80    0.22    5.32    0.86
198410   -0.85   -1.14    0.58    1.00
198411   -1.76   -0.63    4.03    0.73
198412    1.84   -0.57   -0.11    0.64
198501    7.98    3.26   -5.39    0.65
198502    1.22    0.79   -0.17    0.58
198503   -0.84   -1.11    4.05    0.62
198504   -0.96    0.19    3.74    0.72
198505    5.09   -2.27   -0.86    0.66
198506    1.28    0.52    0.49    0.55
198507   -0.74    2.85   -1.66    0.62
198508   -1.02   -0.35    2.24    0.55
198509   -4.54   -1.60    1.25    0.60
198510    4.02   -1.58    0.73    0.65
198511    6.48    0.22   -2.92    0.61
198512    3.88   -0.46   -1.53    0.65
198601    0.65    1.19    0.52    0.56
198602    7.13   -0.58   -0.76    0.53
198603    4.88   -0.50   -0.50    0.60
198604   -1.31    2.83   -2.91    0.52
198605    4.62   -1.30   -0.11    0.49
198606    1.04   -0.92    1.40    0.52
198607   -6.45   -3.40    4.73    0.52
198608    6.07   -4.19    3.48    0.46
198609   -8.60    2.28    3.18    0.45
198610    4.66   -2.57   -1.44    0.46
198611    1.17   -1.97   -0.08    0.39
198612   -3.27    0.08    0.30    0.49
198701   12.46   -1.78   -3.22    0.42
198702    4.39    3.48   -5.91    0.43
198703    1.64    0.36    1.55    0.47
198704   -2.10   -1.67   -0.26    0.44
198705    0.10   -0.56    0.12    0.38
198706    3.94   -2.18    1.04    0.48
198707    3.85   -0.64    0.71    0.46
198708    3.52   -0.75   -0.92    0.47
198709   -2.59    0.62    0.29    0.45
198710  -23.24   -8.37    4.22    0.60
198711   -7.77    2.61    3.23    0.35
198712    6.82    0.17   -4.43    0.39
198801    4.22   -0.65    5.16    0.29
198802    4.75    3.34   -1.65    0.46
198803   -2.27    6.14    0.76    0.44
198804    0.56    0.96    1.69    0.46
198805   -0.29   -2.65    2.28    0.51
198806    4.79    2.11   -1.11    0.49
198807   -1.25   -0.19    2.27    0.51
198808   -3.31    0.07    2.07    0.59
198809    3.30   -1.26   -0.70    0.62
198810    1.15   -2.90    1.68    0.61
198811   -2.29   -1.73    1.28    0.57
198812    1.49    1.93   -1.54    0.63
198901    6.10   -2.13    0.53    0.55
198902   -2.25    2.74    0.88    0.61
198903    1.57    0.72    0.47    0.67
198904    4.33   -0.57   -1.47    0.67
198905    3.35   -0.04   -0.87    0.79
198906   -1.35   -1.02    2.16    0.71
198907    7.20   -4.01   -2.86    0.70
198908    1.44    0.53    0.70    0.74
198909   -0.76    0.33   -1.37    0.65
198910   -3.68   -3.24   -1.09    0.68
198911    1.02   -1.23   -1.14    0.69
198912    1.16   -2.37    0.21    0.61
199001   -7.85   -1.26    0.85    0.57
199002    1.11    1.04    0.63    0.57
199003    1.83    1.46   -2.86    0.64
199004   -3.36   -0.49   -2.55    0.69
199005    8.42   -2.58   -3.76    0.68
199006   -1.10    1.44   -2.00    0.63
199007   -1.90   -3.18   -0.02    0.68
199008  -10.15   -3.59    1.60    0.66
199009   -6.12   -3.65    0.73    0.60
199010   -1.92   -5.54    0.23    0.68
199011    6.34    0.33   -3.06    0.57
199012    2.46    0.81   -1.57    0.60
199101    4.69    3.81   -1.81    0.52
199102    7.18    3.91   -0.58    0.48
199103    2.65    3.91   -1.23    0.44
199104   -0.27    0.52    1.45    0.53
199105    3.65   -0.35   -0.55    0.47
199106   -4.95    0.08    1.18    0.42
199107    4.24   -0.97   -1.28    0.49
199108    2.32    1.61   -0.80    0.46
199109   -1.59    1.64   -1.00    0.46
199110    1.29    0.90   -0.47    0.42
199111   -4.18   -0.49   -1.93    0.39
199112   10.83   -2.24   -4.05    0.38
199201   -0.59    8.47    4.53    0.34
199202    1.09    0.88    6.38    0.28
199203   -2.66   -1.04    3.68    0.34
199204    1.08   -6.10    4.33    0.32
199205    0.30    0.39    1.25    0.28
199206   -2.34   -3.12    3.39    0.32
199207    3.77   -0.44   -0.54    0.31
199208   -2.38   -0.12   -1.05    0.26
199209    1.19    0.53   -0.24    0.26
199210    1.01    2.07   -2.08    0.23
199211    4.13    3.69   -1.47    0.23
199212    1.53    1.64    2.52    0.28
199301    0.94    2.06    5.88    0.23
199302    0.13   -3.42    6.45    0.22
199303    2.31    0.23    1.25    0.25
199304   -3.05   -0.68    2.64    0.24
199305    2.88    1.97   -3.42    0.22
199306    0.31   -0.29    2.62    0.25
199307   -0.34    0.94    3.26    0.24
199308    3.72    0.30   -0.47    0.25
199309   -0.12    3.12   -0.48    0.26
199310    1.41    1.44   -1.57    0.22
199311   -1.89   -1.41   -0.25    0.25
199312    1.64    1.23    0.58    0.23
199401    2.87    0.13    2.11    0.25
199402   -2.55    2.72   -1.41    0.21
199403   -4.78   -0.96    1.34    0.27
199404    0.68   -0.90    1.69    0.27
199405    0.57   -2.01    0.18    0.32
199406   -3.03   -0.49    1.66    0.31
199407    2.81   -1.77    0.98    0.28
199408    4.01    1.44   -3.47    0.37
199409   -2.31    2.68   -1.80    0.37
199410    1.34   -2.21   -2.36    0.38
199411   -4.04   -0.16   -0.05    0.37
199412    0.87    0.04    0.28    0.44
199501    1.79   -2.95    1.66    0.42
199502    3.62   -0.33    0.38    0.40
199503    2.19   -0.37   -2.07    0.46
199504    2.12   -0.41    1.71    0.44
199505    2.90   -2.21    1.87    0.54
199506    2.72    3.08   -2.98    0.47
199507    3.72    2.22   -2.22    0.45
199508    0.55    1.84    1.93    0.47
199509    3.35   -2.07   -0.93    0.43
199510   -1.52   -3.94   -0.10    0.47
199511    3.95   -0.81    0.33    0.42
199512    1.03    0.38    1.39    0.49
199601    2.26   -2.49    0.41    0.43
199602    1.33    2.04   -2.32    0.39
199603    0.73    1.30    1.28    0.39
199604    2.06    4.89   -4.05    0.46
199605    2.37    3.17   -1.40    0.42
199606   -1.14   -3.67    1.96    0.40
199607   -5.97   -3.57    4.38    0.45
199608    2.77    2.30   -0.57    0.41
199609    5.01   -0.81   -3.78    0.44
199610    0.87   -4.11    4.82    0.42
199611    6.25   -3.59    0.18    0.41
199612   -1.70    3.07    0.98    0.46
199701    4.99   -1.53   -2.34    0.45
199702   -0.49   -2.58    4.73    0.39
199703   -5.03   -0.32    3.87    0.43
199704    4.04   -5.17   -0.99    0.43
199705    6.74    4.81   -4.40    0.49
199706    4.10    1.47    0.69    0.37
199707    7.33   -2.44   -0.34    0.43
199708   -4.15    7.47    1.07    0.41
199709    5.35    2.65   -0.18    0.44
199710   -3.79   -0.80    2.20    0.42
199711    2.99   -5.07    1.02    0.39
199712    1.32   -2.35    3.77    0.48
199801    0.14   -1.06   -1.78    0.43
199802    7.03    0.26   -0.72    0.39
199803    4.77   -1.17    1.69    0.39
199804    0.73    0.44    0.34    0.43
199805   -3.06   -3.55    4.20    0.40
199806    3.18   -3.29   -1.86    0.41
199807   -2.46   -4.92   -1.16    0.40
199808  -16.08   -5.72    5.29    0.43
199809    6.15   -0.13   -3.85    0.46
199810    7.13   -3.18   -2.73    0.32
199811    6.09    1.17   -3.36    0.31
199812    6.15   -0.31   -4.72    0.38
199901    3.50    0.88   -5.54    0.35
199902   -4.08   -5.52    1.61    0.35
199903    3.45   -3.83   -2.93    0.43
199904    4.34    3.16    2.44    0.37
199905   -2.46    3.66    2.71    0.34
199906    4.77    3.45   -4.19    0.40
199907   -3.47    2.25    0.50    0.38
199908   -1.38   -1.32   -0.92    0.39
199909   -2.81    3.17   -2.99    0.39
199910    6.13   -6.75   -3.20    0.39
199911    3.37    7.73   -7.95    0.36
199912    7.72    7.00   -9.17    0.44
200001   -4.73    4.36    0.22    0.41
200002    2.45   22.00  -12.60    0.43
200003    5.20  -16.39    7.63    0.47
200004   -6.40   -7.69    9.12    0.46
200005   -4.43   -4.83    3.70    0.50
200006    4.64   13.70  -10.04    0.40
200007   -2.45   -2.79    8.50    0.48
200008    7.14   -0.87   -1.24    0.50
200009   -5.44   -1.82    6.87    0.51
200010   -2.77   -3.65    4.77    0.56
200011  -10.73   -3.09   12.39    0.51
200012    1.19    1.60    6.15    0.50
200101    3.12    7.01   -5.71    0.54
200102  -10.08   -1.14   13.84    0.39
200103   -7.27    0.55    6.36    0.44
200104    7.95    0.25   -4.32    0.39
200105    0.73    2.99    2.76    0.32
200106   -1.93    6.38   -2.20    0.28
200107   -2.13   -4.23    5.63    0.30
200108   -6.46    2.14    3.39    0.31
200109   -9.26   -6.61    1.80    0.28
200110    2.47    6.87   -7.06    0.22
200111    7.54    0.38    0.69    0.17
200112    1.60    5.10    0.44    0.15
200201   -1.44    1.08    3.44    0.14
200202   -2.29   -1.62    3.92    0.13
200203    4.24    4.32    1.15    0.13
200204   -5.20    5.84    4.20    0.15
200205   -1.38   -3.73    2.55    0.14
200206   -7.21    3.48    1.55    0.13
200207   -8.18   -5.15   -3.65    0.15
200208    0.50   -2.25    2.21    0.14
200209  -10.35    2.70    1.23    0.14
200210    7.83   -3.06   -6.45    0.14
200211    5.96    3.19   -1.62    0.12
200212   -5.76   -0.47    3.90    0.11
200301   -2.57    1.39   -0.86    0.10
200302   -1.89   -0.26   -1.43    0.09
200303    1.09    0.79   -1.68    0.10
200304    8.22    1.14   -0.04    0.10
200305    6.05    4.70    0.18    0.09
200306    1.42    1.53    0.68    0.10
200307    2.34    5.55   -2.11    0.07
200308    2.34    2.66    1.71    0.07
200309   -1.23    0.57    1.01    0.08
200310    6.08    2.90    1.80    0.07
200311    1.35    2.20    1.46    0.07
200312    4.30   -2.79    2.68    0.08
200401    2.15    2.62    1.64    0.07
200402    1.40   -1.16    0.41    0.06
200403   -1.33    1.84    0.05    0.09
200404   -1.83   -2.55   -1.68    0.08
200405    1.18   -0.15   -0.30    0.06
200406    1.86    2.28    1.67    0.08
200407   -4.07   -3.82    4.44    0.10
200408    0.08   -1.57    1.18    0.11
200409    1.61    2.87    0.33    0.11
200410    1.43    0.43   -0.82    0.11
200411    4.54    4.14    1.89    0.15
200412    3.43    0.19   -0.35    0.16
200501   -2.75   -1.68    2.60    0.16
200502    1.89   -0.73    2.81    0.16
200503   -1.96   -1.36    1.76    0.21
200504   -2.61   -4.00   -0.44    0.21
200505    3.65    3.00   -1.23    0.24
200506    0.56    2.56    2.78    0.23
200507    3.92    2.79   -0.43    0.24
200508   -1.22   -0.90    1.43    0.30
200509    0.48   -0.68    1.14    0.29
200510   -2.00   -1.02   -0.71    0.27
200511    3.62    1.05   -1.87    0.31
200512   -0.25   -0.51    0.48    0.32
200601    3.04    5.32    1.14    0.35
200602   -0.30   -0.33   -0.88    0.34
200603    1.46    3.56   -0.11    0.37
200604    0.72   -1.23    3.06    0.36
200605   -3.57   -3.03    2.82    0.43
200606   -0.35   -0.50    1.49    0.40
200607   -0.78   -3.96    3.29    0.40
200608    2.03    0.78   -1.76    0.42
200609    1.84   -1.23   -0.40    0.41
200610    3.23    1.64    0.47    0.41
200611    1.71    0.73    0.44    0.42
200612    0.87   -0.92    2.50    0.40
200701    1.41    0.07   -0.06    0.44
200702   -1.95    1.39    0.22    0.38
200703    0.68   -0.29    0.40    0.43
200704    3.49   -2.13   -0.98    0.44
200705    3.24   -0.03   -0.08    0.41
200706   -1.96    0.71   -1.05    0.40
200707   -3.74   -2.74   -3.01    0.40
200708    0.92   -0.16   -2.38    0.42
200709    3.23   -2.48   -2.14    0.32
200710    1.80    0.18   -2.02    0.32
200711   -4.82   -2.78   -1.07    0.34
200712   -0.86    0.05   -0.03    0.27
200801   -6.35   -0.80    3.06    0.21
200802   -3.09   -0.56   -0.03    0.13
200803   -0.94    0.86    0.22    0.17
200804    4.60   -1.51   -0.01    0.18
200805    1.86    2.99   -0.30    0.18
200806   -8.44    1.10   -1.03    0.17
200807   -0.77    3.58    3.66    0.15
200808    1.53    3.70    1.44    0.13
200809   -9.24   -0.30    4.41    0.15
200810  -17.23   -2.25   -2.94    0.08
200811   -7.86   -3.61   -4.92    0.03
200812    1.66    3.96   -1.23    0.09
200901   -8.12   -0.98   -9.78    0.00
200902  -10.09   -0.33   -6.85    0.01
200903    8.95    0.71    2.53    0.02
200904   10.19    5.37    5.39    0.01
200905    5.21   -2.63    0.54    0.00
200906    0.43    2.65   -2.46    0.01
200907    7.72    2.48    4.74    0.01
200908    3.32   -0.52    7.59    0.01
200909    4.08    2.47    1.41    0.01
200910   -2.59   -4.21   -4.38    0.00
200911    5.56   -2.65    0.17    0.00
200912    2.75    5.77    0.76    0.01
201001   -3.36    0.19    0.61    0.00
201002    3.40    1.42    2.73    0.00
201003    6.32    1.57    2.06    0.01
201004    2.00    4.93    3.14    0.00
201005   -7.89   -0.09   -2.34    0.01
201006   -5.56   -2.12   -4.27    0.01
201007    6.92    0.13    0.20    0.01
201008   -4.77   -2.89   -1.70    0.01
201009    9.54    3.83   -3.05    0.01
201010    3.88    1.03   -2.28    0.01
201011    0.61    3.66   -0.51    0.01
201012    6.82    0.75    3.60    0.01
201101    2.01   -2.46    0.84    0.01
201102    3.49    1.65    1.67    0.01
201103    0.48    2.59   -1.19    0.01
201104    2.90   -0.30   -2.27    0.00
201105   -1.27   -0.66   -2.14    0.00
201106   -1.75   -0.08   -0.45    0.00
201107   -2.34   -1.44   -1.12    0.00
201108   -6.00   -3.29   -1.46    0.01
201109   -7.60   -3.71   -0.91    0.00
201110   11.34    3.57   -1.02    0.00
201111   -0.26   -0.25   -0.10    0.00
201112    0.74   -0.55    1.54    0.00
201201    5.06    2.53   -2.21    0.00
201202    4.43   -1.61   -0.03    0.00
201203    3.11   -0.22   -0.03    0.00
201204   -0.84   -0.61   -0.19    0.00
201205   -6.20   -0.09    0.17    0.01
201206    3.88    0.83    0.39    0.00
201207    0.79   -2.57   -0.02    0.00
201208    2.56    0.73    0.56    0.01
201209    2.74    0.45    1.59    0.01
201210   -1.75   -1.04    4.08    0.01
201211    0.77    0.67   -1.14    0.01